-2.0735 -0.1913
-2.0735 0.1913
-2.0420 -0.3045
-2.0420 0.3045
-2.0106 -0.3877
-2.0106 0.3877
-1.9792 -0.4575
-1.9792 0.4575
-1.9478 -0.5194
-1.9478 0.5194
-1.9164 -0.5758
-1.9164 0.5758
-1.8850 -0.6283
-1.8850 0.6283
-1.8535 -0.6777
-1.8535 0.6777
-1.8221 -0.7247
-1.8221 0.7247
-1.7907 -0.7697
-1.7907 0.7697
-1.7593 -0.8129
-1.7593 0.8129
-1.7279 -0.8547
-1.7279 0.8547
-1.6965 -0.8952
-1.6965 0.8952
-1.6650 -0.9346
-1.6650 0.9346
-1.6336 -0.9730
-1.6336 0.9730
-1.6022 -1.0105
-1.6022 1.0105
-1.5708 -1.0472
-1.5708 1.0472
-1.5394 -1.0831
-1.5394 1.0831
-1.5080 -1.1183
-1.5080 1.1183
-1.4765 -1.1528
-1.4765 1.1528
-1.4451 -1.1868
-1.4451 1.1868
-1.4137 -1.2201
-1.4137 1.2201
-1.3823 -1.2528
-1.3823 1.2528
-1.3509 -1.2851
-1.3509 1.2851
-1.3195 -1.3168
-1.3195 1.3168
-1.2881 -1.3479
-1.2881 1.3479
-1.2566 -1.3786
-1.2566 1.3786
-1.2252 -1.4088
-1.2252 1.4088
-1.1938 -1.4385
-1.1938 1.4385
-1.1624 -1.4678
-1.1624 1.4678
-1.1310 -1.4965
-1.1310 1.4965
-1.0996 -1.5248
-1.0996 1.5248
-1.0681 -1.5525
-1.0681 1.5525
-1.0367 -1.5798
-1.0367 1.5798
-1.0053 -1.6066
-1.0053 1.6066
-0.9739 -1.6329
-0.9739 1.6329
-0.9425 -1.6587
-0.9425 1.6587
-0.9111 -1.6839
-0.9111 1.6839
-0.8796 -1.7087
-0.8796 1.7087
-0.8482 -1.7328
-0.8482 1.7328
-0.8168 -1.7564
-0.8168 1.7564
-0.7854 -1.7794
-0.7854 1.7794
-0.7540 -1.8018
-0.7540 1.8018
-0.7226 -1.8236
-0.7226 1.8236
-0.6912 -1.8447
-0.6912 1.8447
-0.6597 -1.8652
-0.6597 1.8652
-0.6283 -1.8850
-0.6283 1.8850
-0.5969 -1.9040
-0.5969 1.9040
-0.5655 -1.9223
-0.5655 1.9223
-0.5341 -1.9399
-0.5341 1.9399
-0.5027 -1.9566
-0.5027 1.9566
-0.4712 -1.9725
-0.4712 1.9725
-0.4398 -1.9876
-0.4398 1.9876
-0.4084 -2.0018
-0.4084 2.0018
-0.3770 -2.0150
-0.3770 2.0150
-0.3456 -2.0274
-0.3456 2.0274
-0.3142 -2.0387
-0.3142 2.0387
-0.2827 -2.0491
-0.2827 2.0491
-0.2513 -2.0585
-0.2513 2.0585
-0.2199 -2.0668
-0.2199 2.0668
-0.1885 -2.0741
-0.1885 2.0741
-0.1571 -2.0802
-0.1571 2.0802
-0.1257 -2.0853
-0.1257 2.0853
-0.0942 -2.0893
-0.0942 2.0893
-0.0628 -2.0921
-0.0628 2.0921
-0.0314 -2.0938
-0.0314 2.0938
0.0000 -2.0944
0.0000 2.0944
0.0314 -2.0938
0.0314 2.0938
0.0628 -2.0921
0.0628 2.0921
0.0942 -2.0893
0.0942 2.0893
0.1257 -2.0853
0.1257 2.0853
0.1571 -2.0802
0.1571 2.0802
0.1885 -2.0741
0.1885 2.0741
0.2199 -2.0668
0.2199 2.0668
0.2513 -2.0585
0.2513 2.0585
0.2827 -2.0491
0.2827 2.0491
0.3142 -2.0387
0.3142 2.0387
0.3456 -2.0274
0.3456 2.0274
0.3770 -2.0150
0.3770 2.0150
0.4084 -2.0018
0.4084 2.0018
0.4398 -1.9876
0.4398 1.9876
0.4712 -1.9725
0.4712 1.9725
0.5027 -1.9566
0.5027 1.9566
0.5341 -1.9399
0.5341 1.9399
0.5655 -1.9223
0.5655 1.9223
0.5969 -1.9040
0.5969 1.9040
0.6283 -1.8850
0.6283 1.8850
0.6597 -1.8652
0.6597 1.8652
0.6912 -1.8447
0.6912 1.8447
0.7226 -1.8236
0.7226 1.8236
0.7540 -1.8018
0.7540 1.8018
0.7854 -1.7794
0.7854 1.7794
0.8168 -1.7564
0.8168 1.7564
0.8482 -1.7328
0.8482 1.7328
0.8796 -1.7087
0.8796 1.7087
0.9111 -1.6839
0.9111 1.6839
0.9425 -1.6587
0.9425 1.6587
0.9739 -1.6329
0.9739 1.6329
1.0053 -1.6066
1.0053 1.6066
1.0367 -1.5798
1.0367 1.5798
1.0681 -1.5525
1.0681 1.5525
1.0996 -1.5248
1.0996 1.5248
1.1310 -1.4965
1.1310 1.4965
1.1624 -1.4678
1.1624 1.4678
1.1938 -1.4385
1.1938 1.4385
1.2252 -1.4088
1.2252 1.4088
1.2566 -1.3786
1.2566 1.3786
1.2881 -1.3479
1.2881 1.3479
1.3195 -1.3168
1.3195 1.3168
1.3509 -1.2851
1.3509 1.2851
1.3823 -1.2528
1.3823 1.2528
1.4137 -1.2201
1.4137 1.2201
1.4451 -1.1868
1.4451 1.1868
1.4765 -1.1528
1.4765 1.1528
1.5080 -1.1183
1.5080 1.1183
1.5394 -1.0831
1.5394 1.0831
1.5708 -1.0472
1.5708 1.0472
1.6022 -1.0105
1.6022 1.0105
1.6336 -0.9730
1.6336 0.9730
1.6650 -0.9346
1.6650 0.9346
1.6965 -0.8952
1.6965 0.8952
1.7279 -0.8547
1.7279 0.8547
1.7593 -0.8129
1.7593 0.8129
1.7907 -0.7697
1.7907 0.7697
1.8221 -0.7247
1.8221 0.7247
1.8535 -0.6777
1.8535 0.6777
1.8850 -0.6283
1.8850 0.6283
1.9164 -0.5758
1.9164 0.5758
1.9478 -0.5194
1.9478 0.5194
1.9792 -0.4575
1.9792 0.4575
2.0106 -0.3877
2.0106 0.3877
2.0420 -0.3045
2.0420 0.3045
2.0735 -0.1913
2.0735 0.1913
-0.1913 -2.0735
0.1913 -2.0735
-0.3045 -2.0420
0.3045 -2.0420
-0.3877 -2.0106
0.3877 -2.0106
-0.4575 -1.9792
0.4575 -1.9792
-0.5194 -1.9478
0.5194 -1.9478
-0.5758 -1.9164
0.5758 -1.9164
-0.6283 -1.8850
0.6283 -1.8850
-0.6777 -1.8535
0.6777 -1.8535
-0.7247 -1.8221
0.7247 -1.8221
-0.7697 -1.7907
0.7697 -1.7907
-0.8129 -1.7593
0.8129 -1.7593
-0.8547 -1.7279
0.8547 -1.7279
-0.8952 -1.6965
0.8952 -1.6965
-0.9346 -1.6650
0.9346 -1.6650
-0.9730 -1.6336
0.9730 -1.6336
-1.0105 -1.6022
1.0105 -1.6022
-1.0472 -1.5708
1.0472 -1.5708
-1.0831 -1.5394
1.0831 -1.5394
-1.1183 -1.5080
1.1183 -1.5080
-1.1528 -1.4765
1.1528 -1.4765
-1.1868 -1.4451
1.1868 -1.4451
-1.2201 -1.4137
1.2201 -1.4137
-1.2528 -1.3823
1.2528 -1.3823
-1.2851 -1.3509
1.2851 -1.3509
-1.3168 -1.3195
1.3168 -1.3195
-1.3479 -1.2881
1.3479 -1.2881
-1.3786 -1.2566
1.3786 -1.2566
-1.4088 -1.2252
1.4088 -1.2252
-1.4385 -1.1938
1.4385 -1.1938
-1.4678 -1.1624
1.4678 -1.1624
-1.4965 -1.1310
1.4965 -1.1310
-1.5248 -1.0996
1.5248 -1.0996
-1.5525 -1.0681
1.5525 -1.0681
-1.5798 -1.0367
1.5798 -1.0367
-1.6066 -1.0053
1.6066 -1.0053
-1.6329 -0.9739
1.6329 -0.9739
-1.6587 -0.9425
1.6587 -0.9425
-1.6839 -0.9111
1.6839 -0.9111
-1.7087 -0.8796
1.7087 -0.8796
-1.7328 -0.8482
1.7328 -0.8482
-1.7564 -0.8168
1.7564 -0.8168
-1.7794 -0.7854
1.7794 -0.7854
-1.8018 -0.7540
1.8018 -0.7540
-1.8236 -0.7226
1.8236 -0.7226
-1.8447 -0.6912
1.8447 -0.6912
-1.8652 -0.6597
1.8652 -0.6597
-1.8850 -0.6283
1.8850 -0.6283
-1.9040 -0.5969
1.9040 -0.5969
-1.9223 -0.5655
1.9223 -0.5655
-1.9399 -0.5341
1.9399 -0.5341
-1.9566 -0.5027
1.9566 -0.5027
-1.9725 -0.4712
1.9725 -0.4712
-1.9876 -0.4398
1.9876 -0.4398
-2.0018 -0.4084
2.0018 -0.4084
-2.0150 -0.3770
2.0150 -0.3770
-2.0274 -0.3456
2.0274 -0.3456
-2.0387 -0.3142
2.0387 -0.3142
-2.0491 -0.2827
2.0491 -0.2827
-2.0585 -0.2513
2.0585 -0.2513
-2.0668 -0.2199
2.0668 -0.2199
-2.0741 -0.1885
2.0741 -0.1885
-2.0802 -0.1571
2.0802 -0.1571
-2.0853 -0.1257
2.0853 -0.1257
-2.0893 -0.0942
2.0893 -0.0942
-2.0921 -0.0628
2.0921 -0.0628
-2.0938 -0.0314
2.0938 -0.0314
-2.0944 0.0000
2.0944 0.0000
-2.0938 0.0314
2.0938 0.0314
-2.0921 0.0628
2.0921 0.0628
-2.0893 0.0942
2.0893 0.0942
-2.0853 0.1257
2.0853 0.1257
-2.0802 0.1571
2.0802 0.1571
-2.0741 0.1885
2.0741 0.1885
-2.0668 0.2199
2.0668 0.2199
-2.0585 0.2513
2.0585 0.2513
-2.0491 0.2827
2.0491 0.2827
-2.0387 0.3142
2.0387 0.3142
-2.0274 0.3456
2.0274 0.3456
-2.0150 0.3770
2.0150 0.3770
-2.0018 0.4084
2.0018 0.4084
-1.9876 0.4398
1.9876 0.4398
-1.9725 0.4712
1.9725 0.4712
-1.9566 0.5027
1.9566 0.5027
-1.9399 0.5341
1.9399 0.5341
-1.9223 0.5655
1.9223 0.5655
-1.9040 0.5969
1.9040 0.5969
-1.8850 0.6283
1.8850 0.6283
-1.8652 0.6597
1.8652 0.6597
-1.8447 0.6912
1.8447 0.6912
-1.8236 0.7226
1.8236 0.7226
-1.8018 0.7540
1.8018 0.7540
-1.7794 0.7854
1.7794 0.7854
-1.7564 0.8168
1.7564 0.8168
-1.7328 0.8482
1.7328 0.8482
-1.7087 0.8796
1.7087 0.8796
-1.6839 0.9111
1.6839 0.9111
-1.6587 0.9425
1.6587 0.9425
-1.6329 0.9739
1.6329 0.9739
-1.6066 1.0053
1.6066 1.0053
-1.5798 1.0367
1.5798 1.0367
-1.5525 1.0681
1.5525 1.0681
-1.5248 1.0996
1.5248 1.0996
-1.4965 1.1310
1.4965 1.1310
-1.4678 1.1624
1.4678 1.1624
-1.4385 1.1938
1.4385 1.1938
-1.4088 1.2252
1.4088 1.2252
-1.3786 1.2566
1.3786 1.2566
-1.3479 1.2881
1.3479 1.2881
-1.3168 1.3195
1.3168 1.3195
-1.2851 1.3509
1.2851 1.3509
-1.2528 1.3823
1.2528 1.3823
-1.2201 1.4137
1.2201 1.4137
-1.1868 1.4451
1.1868 1.4451
-1.1528 1.4765
1.1528 1.4765
-1.1183 1.5080
1.1183 1.5080
-1.0831 1.5394
1.0831 1.5394
-1.0472 1.5708
1.0472 1.5708
-1.0105 1.6022
1.0105 1.6022
-0.9730 1.6336
0.9730 1.6336
-0.9346 1.6650
0.9346 1.6650
-0.8952 1.6965
0.8952 1.6965
-0.8547 1.7279
0.8547 1.7279
-0.8129 1.7593
0.8129 1.7593
-0.7697 1.7907
0.7697 1.7907
-0.7247 1.8221
0.7247 1.8221
-0.6777 1.8535
0.6777 1.8535
-0.6283 1.8850
0.6283 1.8850
-0.5758 1.9164
0.5758 1.9164
-0.5194 1.9478
0.5194 1.9478
-0.4575 1.9792
0.4575 1.9792
-0.3877 2.0106
0.3877 2.0106
-0.3045 2.0420
0.3045 2.0420
-0.1913 2.0735
0.1913 2.0735
-3.1416 -0.0008
-3.1416 0.0008
-3.1102 -0.0314
-3.1102 0.0314
-3.0788 -0.0628
-3.0788 0.0628
-3.0473 -0.0942
-3.0473 0.0942
-3.0159 -0.1257
-3.0159 0.1257
-2.9845 -0.1571
-2.9845 0.1571
-2.9531 -0.1885
-2.9531 0.1885
-2.9217 -0.2199
-2.9217 0.2199
-2.8903 -0.2513
-2.8903 0.2513
-2.8588 -0.2827
-2.8588 0.2827
-2.8274 -0.3142
-2.8274 0.3142
-2.7960 -0.3456
-2.7960 0.3456
-2.7646 -0.3770
-2.7646 0.3770
-2.7332 -0.4084
-2.7332 0.4084
-2.7018 -0.4398
-2.7018 0.4398
-2.6704 -0.4712
-2.6704 0.4712
-2.6389 -0.5027
-2.6389 0.5027
-2.6075 -0.5341
-2.6075 0.5341
-2.5761 -0.5655
-2.5761 0.5655
-2.5447 -0.5969
-2.5447 0.5969
-2.5133 -0.6283
-2.5133 0.6283
-2.4819 -0.6597
-2.4819 0.6597
-2.4504 -0.6911
-2.4504 0.6911
-2.4190 -0.7226
-2.4190 0.7226
-2.3876 -0.7540
-2.3876 0.7540
-2.3562 -0.7854
-2.3562 0.7854
-2.3248 -0.8168
-2.3248 0.8168
-2.2934 -0.8482
-2.2934 0.8482
-2.2619 -0.8796
-2.2619 0.8796
-2.2305 -0.9111
-2.2305 0.9111
-2.1991 -0.9425
-2.1991 0.9425
-2.1677 -0.9739
-2.1677 0.9739
-2.1363 -1.0053
-2.1363 1.0053
-2.1049 -1.0367
-2.1049 1.0367
-2.0735 -1.0681
-2.0735 1.0681
-2.0420 -1.0996
-2.0420 1.0996
-2.0106 -1.1310
-2.0106 1.1310
-1.9792 -1.1624
-1.9792 1.1624
-1.9478 -1.1938
-1.9478 1.1938
-1.9164 -1.2252
-1.9164 1.2252
-1.8850 -1.2566
-1.8850 1.2566
-1.8535 -1.2881
-1.8535 1.2881
-1.8221 -1.3195
-1.8221 1.3195
-1.7907 -1.3509
-1.7907 1.3509
-1.7593 -1.3823
-1.7593 1.3823
-1.7279 -1.4137
-1.7279 1.4137
-1.6965 -1.4451
-1.6965 1.4451
-1.6650 -1.4765
-1.6650 1.4765
-1.6336 -1.5080
-1.6336 1.5080
-1.6022 -1.5394
-1.6022 1.5394
-1.5708 -1.5708
-1.5708 1.5708
-1.5394 -1.6022
-1.5394 1.6022
-1.5080 -1.6336
-1.5080 1.6336
-1.4765 -1.6650
-1.4765 1.6650
-1.4451 -1.6965
-1.4451 1.6965
-1.4137 -1.7279
-1.4137 1.7279
-1.3823 -1.7593
-1.3823 1.7593
-1.3509 -1.7907
-1.3509 1.7907
-1.3195 -1.8221
-1.3195 1.8221
-1.2881 -1.8535
-1.2881 1.8535
-1.2566 -1.8850
-1.2566 1.8850
-1.2252 -1.9164
-1.2252 1.9164
-1.1938 -1.9478
-1.1938 1.9478
-1.1624 -1.9792
-1.1624 1.9792
-1.1310 -2.0106
-1.1310 2.0106
-1.0996 -2.0420
-1.0996 2.0420
-1.0681 -2.0735
-1.0681 2.0735
-1.0367 -2.1049
-1.0367 2.1049
-1.0053 -2.1363
-1.0053 2.1363
-0.9739 -2.1677
-0.9739 2.1677
-0.9425 -2.1991
-0.9425 2.1991
-0.9111 -2.2305
-0.9111 2.2305
-0.8796 -2.2619
-0.8796 2.2619
-0.8482 -2.2934
-0.8482 2.2934
-0.8168 -2.3248
-0.8168 2.3248
-0.7854 -2.3562
-0.7854 2.3562
-0.7540 -2.3876
-0.7540 2.3876
-0.7226 -2.4190
-0.7226 2.4190
-0.6912 -2.4504
-0.6912 2.4504
-0.6597 -2.4819
-0.6597 2.4819
-0.6283 -2.5133
-0.6283 2.5133
-0.5969 -2.5447
-0.5969 2.5447
-0.5655 -2.5761
-0.5655 2.5761
-0.5341 -2.6075
-0.5341 2.6075
-0.5027 -2.6389
-0.5027 2.6389
-0.4712 -2.6704
-0.4712 2.6704
-0.4398 -2.7018
-0.4398 2.7018
-0.4084 -2.7332
-0.4084 2.7332
-0.3770 -2.7646
-0.3770 2.7646
-0.3456 -2.7960
-0.3456 2.7960
-0.3142 -2.8274
-0.3142 2.8274
-0.2827 -2.8588
-0.2827 2.8588
-0.2513 -2.8903
-0.2513 2.8903
-0.2199 -2.9217
-0.2199 2.9217
-0.1885 -2.9531
-0.1885 2.9531
-0.1571 -2.9845
-0.1571 2.9845
-0.1257 -3.0159
-0.1257 3.0159
-0.0942 -3.0473
-0.0942 3.0473
-0.0628 -3.0788
-0.0628 3.0788
-0.0314 -3.1102
-0.0314 3.1102
0.0000 -3.1408
0.0000 3.1408
0.0314 -3.1102
0.0314 3.1102
0.0628 -3.0788
0.0628 3.0788
0.0942 -3.0473
0.0942 3.0473
0.1257 -3.0159
0.1257 3.0159
0.1571 -2.9845
0.1571 2.9845
0.1885 -2.9531
0.1885 2.9531
0.2199 -2.9217
0.2199 2.9217
0.2513 -2.8903
0.2513 2.8903
0.2827 -2.8588
0.2827 2.8588
0.3142 -2.8274
0.3142 2.8274
0.3456 -2.7960
0.3456 2.7960
0.3770 -2.7646
0.3770 2.7646
0.4084 -2.7332
0.4084 2.7332
0.4398 -2.7018
0.4398 2.7018
0.4712 -2.6704
0.4712 2.6704
0.5027 -2.6389
0.5027 2.6389
0.5341 -2.6075
0.5341 2.6075
0.5655 -2.5761
0.5655 2.5761
0.5969 -2.5447
0.5969 2.5447
0.6283 -2.5133
0.6283 2.5133
0.6597 -2.4819
0.6597 2.4819
0.6912 -2.4504
0.6912 2.4504
0.7226 -2.4190
0.7226 2.4190
0.7540 -2.3876
0.7540 2.3876
0.7854 -2.3562
0.7854 2.3562
0.8168 -2.3248
0.8168 2.3248
0.8482 -2.2934
0.8482 2.2934
0.8796 -2.2619
0.8796 2.2619
0.9111 -2.2305
0.9111 2.2305
0.9425 -2.1991
0.9425 2.1991
0.9739 -2.1677
0.9739 2.1677
1.0053 -2.1363
1.0053 2.1363
1.0367 -2.1049
1.0367 2.1049
1.0681 -2.0735
1.0681 2.0735
1.0996 -2.0420
1.0996 2.0420
1.1310 -2.0106
1.1310 2.0106
1.1624 -1.9792
1.1624 1.9792
1.1938 -1.9478
1.1938 1.9478
1.2252 -1.9164
1.2252 1.9164
1.2566 -1.8850
1.2566 1.8850
1.2881 -1.8535
1.2881 1.8535
1.3195 -1.8221
1.3195 1.8221
1.3509 -1.7907
1.3509 1.7907
1.3823 -1.7593
1.3823 1.7593
1.4137 -1.7279
1.4137 1.7279
1.4451 -1.6965
1.4451 1.6965
1.4765 -1.6650
1.4765 1.6650
1.5080 -1.6336
1.5080 1.6336
1.5394 -1.6022
1.5394 1.6022
1.5708 -1.5708
1.5708 1.5708
1.6022 -1.5394
1.6022 1.5394
1.6336 -1.5080
1.6336 1.5080
1.6650 -1.4765
1.6650 1.4765
1.6965 -1.4451
1.6965 1.4451
1.7279 -1.4137
1.7279 1.4137
1.7593 -1.3823
1.7593 1.3823
1.7907 -1.3509
1.7907 1.3509
1.8221 -1.3195
1.8221 1.3195
1.8535 -1.2881
1.8535 1.2881
1.8850 -1.2566
1.8850 1.2566
1.9164 -1.2252
1.9164 1.2252
1.9478 -1.1938
1.9478 1.1938
1.9792 -1.1624
1.9792 1.1624
2.0106 -1.1310
2.0106 1.1310
2.0420 -1.0996
2.0420 1.0996
2.0735 -1.0681
2.0735 1.0681
2.1049 -1.0367
2.1049 1.0367
2.1363 -1.0053
2.1363 1.0053
2.1677 -0.9739
2.1677 0.9739
2.1991 -0.9425
2.1991 0.9425
2.2305 -0.9111
2.2305 0.9111
2.2619 -0.8796
2.2619 0.8796
2.2934 -0.8482
2.2934 0.8482
2.3248 -0.8168
2.3248 0.8168
2.3562 -0.7854
2.3562 0.7854
2.3876 -0.7540
2.3876 0.7540
2.4190 -0.7226
2.4190 0.7226
2.4504 -0.6911
2.4504 0.6911
2.4819 -0.6597
2.4819 0.6597
2.5133 -0.6283
2.5133 0.6283
2.5447 -0.5969
2.5447 0.5969
2.5761 -0.5655
2.5761 0.5655
2.6075 -0.5341
2.6075 0.5341
2.6389 -0.5027
2.6389 0.5027
2.6704 -0.4712
2.6704 0.4712
2.7018 -0.4398
2.7018 0.4398
2.7332 -0.4084
2.7332 0.4084
2.7646 -0.3770
2.7646 0.3770
2.7960 -0.3456
2.7960 0.3456
2.8274 -0.3142
2.8274 0.3142
2.8588 -0.2827
2.8588 0.2827
2.8903 -0.2513
2.8903 0.2513
2.9217 -0.2199
2.9217 0.2199
2.9531 -0.1885
2.9531 0.1885
2.9845 -0.1571
2.9845 0.1571
3.0159 -0.1257
3.0159 0.1257
3.0473 -0.0942
3.0473 0.0942
3.0788 -0.0628
3.0788 0.0628
3.1102 -0.0314
3.1102 0.0314
3.1416 -0.0008
3.1416 0.0008
-0.0008 -3.1416
0.0008 -3.1416
-0.0314 -3.1102
0.0314 -3.1102
-0.0628 -3.0788
0.0628 -3.0788
-0.0942 -3.0473
0.0942 -3.0473
-0.1257 -3.0159
0.1257 -3.0159
-0.1571 -2.9845
0.1571 -2.9845
-0.1885 -2.9531
0.1885 -2.9531
-0.2199 -2.9217
0.2199 -2.9217
-0.2513 -2.8903
0.2513 -2.8903
-0.2827 -2.8588
0.2827 -2.8588
-0.3142 -2.8274
0.3142 -2.8274
-0.3456 -2.7960
0.3456 -2.7960
-0.3770 -2.7646
0.3770 -2.7646
-0.4084 -2.7332
0.4084 -2.7332
-0.4398 -2.7018
0.4398 -2.7018
-0.4712 -2.6704
0.4712 -2.6704
-0.5027 -2.6389
0.5027 -2.6389
-0.5341 -2.6075
0.5341 -2.6075
-0.5655 -2.5761
0.5655 -2.5761
-0.5969 -2.5447
0.5969 -2.5447
-0.6283 -2.5133
0.6283 -2.5133
-0.6597 -2.4819
0.6597 -2.4819
-0.6911 -2.4504
0.6911 -2.4504
-0.7226 -2.4190
0.7226 -2.4190
-0.7540 -2.3876
0.7540 -2.3876
-0.7854 -2.3562
0.7854 -2.3562
-0.8168 -2.3248
0.8168 -2.3248
-0.8482 -2.2934
0.8482 -2.2934
-0.8796 -2.2619
0.8796 -2.2619
-0.9111 -2.2305
0.9111 -2.2305
-0.9425 -2.1991
0.9425 -2.1991
-0.9739 -2.1677
0.9739 -2.1677
-1.0053 -2.1363
1.0053 -2.1363
-1.0367 -2.1049
1.0367 -2.1049
-1.0681 -2.0735
1.0681 -2.0735
-1.0996 -2.0420
1.0996 -2.0420
-1.1310 -2.0106
1.1310 -2.0106
-1.1624 -1.9792
1.1624 -1.9792
-1.1938 -1.9478
1.1938 -1.9478
-1.2252 -1.9164
1.2252 -1.9164
-1.2566 -1.8850
1.2566 -1.8850
-1.2881 -1.8535
1.2881 -1.8535
-1.3195 -1.8221
1.3195 -1.8221
-1.3509 -1.7907
1.3509 -1.7907
-1.3823 -1.7593
1.3823 -1.7593
-1.4137 -1.7279
1.4137 -1.7279
-1.4451 -1.6965
1.4451 -1.6965
-1.4765 -1.6650
1.4765 -1.6650
-1.5080 -1.6336
1.5080 -1.6336
-1.5394 -1.6022
1.5394 -1.6022
-1.5708 -1.5708
1.5708 -1.5708
-1.6022 -1.5394
1.6022 -1.5394
-1.6336 -1.5080
1.6336 -1.5080
-1.6650 -1.4765
1.6650 -1.4765
-1.6965 -1.4451
1.6965 -1.4451
-1.7279 -1.4137
1.7279 -1.4137
-1.7593 -1.3823
1.7593 -1.3823
-1.7907 -1.3509
1.7907 -1.3509
-1.8221 -1.3195
1.8221 -1.3195
-1.8535 -1.2881
1.8535 -1.2881
-1.8850 -1.2566
1.8850 -1.2566
-1.9164 -1.2252
1.9164 -1.2252
-1.9478 -1.1938
1.9478 -1.1938
-1.9792 -1.1624
1.9792 -1.1624
-2.0106 -1.1310
2.0106 -1.1310
-2.0420 -1.0996
2.0420 -1.0996
-2.0735 -1.0681
2.0735 -1.0681
-2.1049 -1.0367
2.1049 -1.0367
-2.1363 -1.0053
2.1363 -1.0053
-2.1677 -0.9739
2.1677 -0.9739
-2.1991 -0.9425
2.1991 -0.9425
-2.2305 -0.9111
2.2305 -0.9111
-2.2619 -0.8796
2.2619 -0.8796
-2.2934 -0.8482
2.2934 -0.8482
-2.3248 -0.8168
2.3248 -0.8168
-2.3562 -0.7854
2.3562 -0.7854
-2.3876 -0.7540
2.3876 -0.7540
-2.4190 -0.7226
2.4190 -0.7226
-2.4504 -0.6912
2.4504 -0.6912
-2.4819 -0.6597
2.4819 -0.6597
-2.5133 -0.6283
2.5133 -0.6283
-2.5447 -0.5969
2.5447 -0.5969
-2.5761 -0.5655
2.5761 -0.5655
-2.6075 -0.5341
2.6075 -0.5341
-2.6389 -0.5027
2.6389 -0.5027
-2.6704 -0.4712
2.6704 -0.4712
-2.7018 -0.4398
2.7018 -0.4398
-2.7332 -0.4084
2.7332 -0.4084
-2.7646 -0.3770
2.7646 -0.3770
-2.7960 -0.3456
2.7960 -0.3456
-2.8274 -0.3142
2.8274 -0.3142
-2.8588 -0.2827
2.8588 -0.2827
-2.8903 -0.2513
2.8903 -0.2513
-2.9217 -0.2199
2.9217 -0.2199
-2.9531 -0.1885
2.9531 -0.1885
-2.9845 -0.1571
2.9845 -0.1571
-3.0159 -0.1257
3.0159 -0.1257
-3.0473 -0.0942
3.0473 -0.0942
-3.0788 -0.0628
3.0788 -0.0628
-3.1102 -0.0314
3.1102 -0.0314
-3.1408 0.0000
3.1408 0.0000
-3.1102 0.0314
3.1102 0.0314
-3.0788 0.0628
3.0788 0.0628
-3.0473 0.0942
3.0473 0.0942
-3.0159 0.1257
3.0159 0.1257
-2.9845 0.1571
2.9845 0.1571
-2.9531 0.1885
2.9531 0.1885
-2.9217 0.2199
2.9217 0.2199
-2.8903 0.2513
2.8903 0.2513
-2.8588 0.2827
2.8588 0.2827
-2.8274 0.3142
2.8274 0.3142
-2.7960 0.3456
2.7960 0.3456
-2.7646 0.3770
2.7646 0.3770
-2.7332 0.4084
2.7332 0.4084
-2.7018 0.4398
2.7018 0.4398
-2.6704 0.4712
2.6704 0.4712
-2.6389 0.5027
2.6389 0.5027
-2.6075 0.5341
2.6075 0.5341
-2.5761 0.5655
2.5761 0.5655
-2.5447 0.5969
2.5447 0.5969
-2.5133 0.6283
2.5133 0.6283
-2.4819 0.6597
2.4819 0.6597
-2.4504 0.6912
2.4504 0.6912
-2.4190 0.7226
2.4190 0.7226
-2.3876 0.7540
2.3876 0.7540
-2.3562 0.7854
2.3562 0.7854
-2.3248 0.8168
2.3248 0.8168
-2.2934 0.8482
2.2934 0.8482
-2.2619 0.8796
2.2619 0.8796
-2.2305 0.9111
2.2305 0.9111
-2.1991 0.9425
2.1991 0.9425
-2.1677 0.9739
2.1677 0.9739
-2.1363 1.0053
2.1363 1.0053
-2.1049 1.0367
2.1049 1.0367
-2.0735 1.0681
2.0735 1.0681
-2.0420 1.0996
2.0420 1.0996
-2.0106 1.1310
2.0106 1.1310
-1.9792 1.1624
1.9792 1.1624
-1.9478 1.1938
1.9478 1.1938
-1.9164 1.2252
1.9164 1.2252
-1.8850 1.2566
1.8850 1.2566
-1.8535 1.2881
1.8535 1.2881
-1.8221 1.3195
1.8221 1.3195
-1.7907 1.3509
1.7907 1.3509
-1.7593 1.3823
1.7593 1.3823
-1.7279 1.4137
1.7279 1.4137
-1.6965 1.4451
1.6965 1.4451
-1.6650 1.4765
1.6650 1.4765
-1.6336 1.5080
1.6336 1.5080
-1.6022 1.5394
1.6022 1.5394
-1.5708 1.5708
1.5708 1.5708
-1.5394 1.6022
1.5394 1.6022
-1.5080 1.6336
1.5080 1.6336
-1.4765 1.6650
1.4765 1.6650
-1.4451 1.6965
1.4451 1.6965
-1.4137 1.7279
1.4137 1.7279
-1.3823 1.7593
1.3823 1.7593
-1.3509 1.7907
1.3509 1.7907
-1.3195 1.8221
1.3195 1.8221
-1.2881 1.8535
1.2881 1.8535
-1.2566 1.8850
1.2566 1.8850
-1.2252 1.9164
1.2252 1.9164
-1.1938 1.9478
1.1938 1.9478
-1.1624 1.9792
1.1624 1.9792
-1.1310 2.0106
1.1310 2.0106
-1.0996 2.0420
1.0996 2.0420
-1.0681 2.0735
1.0681 2.0735
-1.0367 2.1049
1.0367 2.1049
-1.0053 2.1363
1.0053 2.1363
-0.9739 2.1677
0.9739 2.1677
-0.9425 2.1991
0.9425 2.1991
-0.9111 2.2305
0.9111 2.2305
-0.8796 2.2619
0.8796 2.2619
-0.8482 2.2934
0.8482 2.2934
-0.8168 2.3248
0.8168 2.3248
-0.7854 2.3562
0.7854 2.3562
-0.7540 2.3876
0.7540 2.3876
-0.7226 2.4190
0.7226 2.4190
-0.6911 2.4504
0.6911 2.4504
-0.6597 2.4819
0.6597 2.4819
-0.6283 2.5133
0.6283 2.5133
-0.5969 2.5447
0.5969 2.5447
-0.5655 2.5761
0.5655 2.5761
-0.5341 2.6075
0.5341 2.6075
-0.5027 2.6389
0.5027 2.6389
-0.4712 2.6704
0.4712 2.6704
-0.4398 2.7018
0.4398 2.7018
-0.4084 2.7332
0.4084 2.7332
-0.3770 2.7646
0.3770 2.7646
-0.3456 2.7960
0.3456 2.7960
-0.3142 2.8274
0.3142 2.8274
-0.2827 2.8588
0.2827 2.8588
-0.2513 2.8903
0.2513 2.8903
-0.2199 2.9217
0.2199 2.9217
-0.1885 2.9531
0.1885 2.9531
-0.1571 2.9845
0.1571 2.9845
-0.1257 3.0159
0.1257 3.0159
-0.0942 3.0473
0.0942 3.0473
-0.0628 3.0788
0.0628 3.0788
-0.0314 3.1102
0.0314 3.1102
-0.0008 3.1416
0.0008 3.1416
-3.1416 -1.0472
-3.1416 1.0472
-3.1102 -1.0478
-3.1102 1.0478
-3.0788 -1.0495
-3.0788 1.0495
-3.0473 -1.0523
-3.0473 1.0523
-3.0159 -1.0563
-3.0159 1.0563
-2.9845 -1.0614
-2.9845 1.0614
-2.9531 -1.0675
-2.9531 1.0675
-2.9217 -1.0748
-2.9217 1.0748
-2.8903 -1.0831
-2.8903 1.0831
-2.8588 -1.0925
-2.8588 1.0925
-2.8274 -1.1028
-2.8274 1.1028
-2.7960 -1.1142
-2.7960 1.1142
-2.7646 -1.1266
-2.7646 1.1266
-2.7332 -1.1398
-2.7332 1.1398
-2.7018 -1.1540
-2.7018 1.1540
-2.6704 -1.1691
-2.6704 1.1691
-2.6389 -1.1850
-2.6389 1.1850
-2.6075 -1.2017
-2.6075 1.2017
-2.5761 -1.2193
-2.5761 1.2193
-2.5447 -1.2376
-2.5447 1.2376
-2.5133 -1.2566
-2.5133 1.2566
-2.4819 -1.2764
-2.4819 1.2764
-2.4504 -1.2969
-2.4504 1.2969
-2.4190 -1.3180
-2.4190 1.3180
-2.3876 -1.3398
-2.3876 1.3398
-2.3562 -1.3622
-2.3562 1.3622
-2.3248 -1.3852
-2.3248 1.3852
-2.2934 -1.4088
-2.2934 1.4088
-2.2619 -1.4329
-2.2619 1.4329
-2.2305 -1.4576
-2.2305 1.4576
-2.1991 -1.4829
-2.1991 1.4829
-2.1677 -1.5087
-2.1677 1.5087
-2.1363 -1.5350
-2.1363 1.5350
-2.1049 -1.5618
-2.1049 1.5618
-2.0735 -1.5890
-2.0735 1.5890
-2.0420 -1.6168
-2.0420 1.6168
-2.0106 -1.6451
-2.0106 1.6451
-1.9792 -1.6738
-1.9792 1.6738
-1.9478 -1.7031
-1.9478 1.7031
-1.9164 -1.7328
-1.9164 1.7328
-1.8850 -1.7630
-1.8850 1.7630
-1.8535 -1.7936
-1.8535 1.7936
-1.8221 -1.8248
-1.8221 1.8248
-1.7907 -1.8565
-1.7907 1.8565
-1.7593 -1.8887
-1.7593 1.8887
-1.7279 -1.9215
-1.7279 1.9215
-1.6965 -1.9548
-1.6965 1.9548
-1.6650 -1.9888
-1.6650 1.9888
-1.6336 -2.0233
-1.6336 2.0233
-1.6022 -2.0585
-1.6022 2.0585
-1.5708 -2.0944
-1.5708 2.0944
-1.5394 -2.1311
-1.5394 2.1311
-1.5080 -2.1686
-1.5080 2.1686
-1.4765 -2.2070
-1.4765 2.2070
-1.4451 -2.2464
-1.4451 2.2464
-1.4137 -2.2869
-1.4137 2.2869
-1.3823 -2.3287
-1.3823 2.3287
-1.3509 -2.3719
-1.3509 2.3719
-1.3195 -2.4169
-1.3195 2.4169
-1.2881 -2.4639
-1.2881 2.4639
-1.2566 -2.5133
-1.2566 2.5133
-1.2252 -2.5658
-1.2252 2.5658
-1.1938 -2.6222
-1.1938 2.6222
-1.1624 -2.6841
-1.1624 2.6841
-1.1310 -2.7539
-1.1310 2.7539
-1.0996 -2.8371
-1.0996 2.8371
-1.0681 -2.9503
-1.0681 2.9503
1.0681 -2.9503
1.0681 2.9503
1.0996 -2.8371
1.0996 2.8371
1.1310 -2.7539
1.1310 2.7539
1.1624 -2.6841
1.1624 2.6841
1.1938 -2.6222
1.1938 2.6222
1.2252 -2.5658
1.2252 2.5658
1.2566 -2.5133
1.2566 2.5133
1.2881 -2.4639
1.2881 2.4639
1.3195 -2.4169
1.3195 2.4169
1.3509 -2.3719
1.3509 2.3719
1.3823 -2.3287
1.3823 2.3287
1.4137 -2.2869
1.4137 2.2869
1.4451 -2.2464
1.4451 2.2464
1.4765 -2.2070
1.4765 2.2070
1.5080 -2.1686
1.5080 2.1686
1.5394 -2.1311
1.5394 2.1311
1.5708 -2.0944
1.5708 2.0944
1.6022 -2.0585
1.6022 2.0585
1.6336 -2.0233
1.6336 2.0233
1.6650 -1.9888
1.6650 1.9888
1.6965 -1.9548
1.6965 1.9548
1.7279 -1.9215
1.7279 1.9215
1.7593 -1.8887
1.7593 1.8887
1.7907 -1.8565
1.7907 1.8565
1.8221 -1.8248
1.8221 1.8248
1.8535 -1.7936
1.8535 1.7936
1.8850 -1.7630
1.8850 1.7630
1.9164 -1.7328
1.9164 1.7328
1.9478 -1.7031
1.9478 1.7031
1.9792 -1.6738
1.9792 1.6738
2.0106 -1.6451
2.0106 1.6451
2.0420 -1.6168
2.0420 1.6168
2.0735 -1.5890
2.0735 1.5890
2.1049 -1.5618
2.1049 1.5618
2.1363 -1.5350
2.1363 1.5350
2.1677 -1.5087
2.1677 1.5087
2.1991 -1.4829
2.1991 1.4829
2.2305 -1.4576
2.2305 1.4576
2.2619 -1.4329
2.2619 1.4329
2.2934 -1.4088
2.2934 1.4088
2.3248 -1.3852
2.3248 1.3852
2.3562 -1.3622
2.3562 1.3622
2.3876 -1.3398
2.3876 1.3398
2.4190 -1.3180
2.4190 1.3180
2.4504 -1.2969
2.4504 1.2969
2.4819 -1.2764
2.4819 1.2764
2.5133 -1.2566
2.5133 1.2566
2.5447 -1.2376
2.5447 1.2376
2.5761 -1.2193
2.5761 1.2193
2.6075 -1.2017
2.6075 1.2017
2.6389 -1.1850
2.6389 1.1850
2.6704 -1.1691
2.6704 1.1691
2.7018 -1.1540
2.7018 1.1540
2.7332 -1.1398
2.7332 1.1398
2.7646 -1.1266
2.7646 1.1266
2.7960 -1.1142
2.7960 1.1142
2.8274 -1.1028
2.8274 1.1028
2.8588 -1.0925
2.8588 1.0925
2.8903 -1.0831
2.8903 1.0831
2.9217 -1.0748
2.9217 1.0748
2.9531 -1.0675
2.9531 1.0675
2.9845 -1.0614
2.9845 1.0614
3.0159 -1.0563
3.0159 1.0563
3.0473 -1.0523
3.0473 1.0523
3.0788 -1.0495
3.0788 1.0495
3.1102 -1.0478
3.1102 1.0478
3.1416 -1.0472
3.1416 1.0472
-1.0472 -3.1416
1.0472 -3.1416
-1.0478 -3.1102
1.0478 -3.1102
-1.0495 -3.0788
1.0495 -3.0788
-1.0523 -3.0473
1.0523 -3.0473
-1.0563 -3.0159
1.0563 -3.0159
-1.0614 -2.9845
1.0614 -2.9845
-1.0675 -2.9531
1.0675 -2.9531
-1.0748 -2.9217
1.0748 -2.9217
-1.0831 -2.8903
1.0831 -2.8903
-1.0925 -2.8588
1.0925 -2.8588
-1.1028 -2.8274
1.1028 -2.8274
-1.1142 -2.7960
1.1142 -2.7960
-1.1266 -2.7646
1.1266 -2.7646
-1.1398 -2.7332
1.1398 -2.7332
-1.1540 -2.7018
1.1540 -2.7018
-1.1691 -2.6704
1.1691 -2.6704
-1.1850 -2.6389
1.1850 -2.6389
-1.2017 -2.6075
1.2017 -2.6075
-1.2193 -2.5761
1.2193 -2.5761
-1.2376 -2.5447
1.2376 -2.5447
-1.2566 -2.5133
1.2566 -2.5133
-1.2764 -2.4819
1.2764 -2.4819
-1.2969 -2.4504
1.2969 -2.4504
-1.3180 -2.4190
1.3180 -2.4190
-1.3398 -2.3876
1.3398 -2.3876
-1.3622 -2.3562
1.3622 -2.3562
-1.3852 -2.3248
1.3852 -2.3248
-1.4088 -2.2934
1.4088 -2.2934
-1.4329 -2.2619
1.4329 -2.2619
-1.4576 -2.2305
1.4576 -2.2305
-1.4829 -2.1991
1.4829 -2.1991
-1.5087 -2.1677
1.5087 -2.1677
-1.5350 -2.1363
1.5350 -2.1363
-1.5618 -2.1049
1.5618 -2.1049
-1.5890 -2.0735
1.5890 -2.0735
-1.6168 -2.0420
1.6168 -2.0420
-1.6451 -2.0106
1.6451 -2.0106
-1.6738 -1.9792
1.6738 -1.9792
-1.7031 -1.9478
1.7031 -1.9478
-1.7328 -1.9164
1.7328 -1.9164
-1.7630 -1.8850
1.7630 -1.8850
-1.7936 -1.8535
1.7936 -1.8535
-1.8248 -1.8221
1.8248 -1.8221
-1.8565 -1.7907
1.8565 -1.7907
-1.8887 -1.7593
1.8887 -1.7593
-1.9215 -1.7279
1.9215 -1.7279
-1.9548 -1.6965
1.9548 -1.6965
-1.9888 -1.6650
1.9888 -1.6650
-2.0233 -1.6336
2.0233 -1.6336
-2.0585 -1.6022
2.0585 -1.6022
-2.0944 -1.5708
2.0944 -1.5708
-2.1311 -1.5394
2.1311 -1.5394
-2.1686 -1.5080
2.1686 -1.5080
-2.2070 -1.4765
2.2070 -1.4765
-2.2464 -1.4451
2.2464 -1.4451
-2.2869 -1.4137
2.2869 -1.4137
-2.3287 -1.3823
2.3287 -1.3823
-2.3719 -1.3509
2.3719 -1.3509
-2.4169 -1.3195
2.4169 -1.3195
-2.4639 -1.2881
2.4639 -1.2881
-2.5133 -1.2566
2.5133 -1.2566
-2.5658 -1.2252
2.5658 -1.2252
-2.6222 -1.1938
2.6222 -1.1938
-2.6841 -1.1624
2.6841 -1.1624
-2.7539 -1.1310
2.7539 -1.1310
-2.8371 -1.0996
2.8371 -1.0996
-2.9503 -1.0681
2.9503 -1.0681
-2.9503 1.0681
2.9503 1.0681
-2.8371 1.0996
2.8371 1.0996
-2.7539 1.1310
2.7539 1.1310
-2.6841 1.1624
2.6841 1.1624
-2.6222 1.1938
2.6222 1.1938
-2.5658 1.2252
2.5658 1.2252
-2.5133 1.2566
2.5133 1.2566
-2.4639 1.2881
2.4639 1.2881
-2.4169 1.3195
2.4169 1.3195
-2.3719 1.3509
2.3719 1.3509
-2.3287 1.3823
2.3287 1.3823
-2.2869 1.4137
2.2869 1.4137
-2.2464 1.4451
2.2464 1.4451
-2.2070 1.4765
2.2070 1.4765
-2.1686 1.5080
2.1686 1.5080
-2.1311 1.5394
2.1311 1.5394
-2.0944 1.5708
2.0944 1.5708
-2.0585 1.6022
2.0585 1.6022
-2.0233 1.6336
2.0233 1.6336
-1.9888 1.6650
1.9888 1.6650
-1.9548 1.6965
1.9548 1.6965
-1.9215 1.7279
1.9215 1.7279
-1.8887 1.7593
1.8887 1.7593
-1.8565 1.7907
1.8565 1.7907
-1.8248 1.8221
1.8248 1.8221
-1.7936 1.8535
1.7936 1.8535
-1.7630 1.8850
1.7630 1.8850
-1.7328 1.9164
1.7328 1.9164
-1.7031 1.9478
1.7031 1.9478
-1.6738 1.9792
1.6738 1.9792
-1.6451 2.0106
1.6451 2.0106
-1.6168 2.0420
1.6168 2.0420
-1.5890 2.0735
1.5890 2.0735
-1.5618 2.1049
1.5618 2.1049
-1.5350 2.1363
1.5350 2.1363
-1.5087 2.1677
1.5087 2.1677
-1.4829 2.1991
1.4829 2.1991
-1.4576 2.2305
1.4576 2.2305
-1.4329 2.2619
1.4329 2.2619
-1.4088 2.2934
1.4088 2.2934
-1.3852 2.3248
1.3852 2.3248
-1.3622 2.3562
1.3622 2.3562
-1.3398 2.3876
1.3398 2.3876
-1.3180 2.4190
1.3180 2.4190
-1.2969 2.4504
1.2969 2.4504
-1.2764 2.4819
1.2764 2.4819
-1.2566 2.5133
1.2566 2.5133
-1.2376 2.5447
1.2376 2.5447
-1.2193 2.5761
1.2193 2.5761
-1.2017 2.6075
1.2017 2.6075
-1.1850 2.6389
1.1850 2.6389
-1.1691 2.6704
1.1691 2.6704
-1.1540 2.7018
1.1540 2.7018
-1.1398 2.7332
1.1398 2.7332
-1.1266 2.7646
1.1266 2.7646
-1.1142 2.7960
1.1142 2.7960
-1.1028 2.8274
1.1028 2.8274
-1.0925 2.8588
1.0925 2.8588
-1.0831 2.8903
1.0831 2.8903
-1.0748 2.9217
1.0748 2.9217
-1.0675 2.9531
1.0675 2.9531
-1.0614 2.9845
1.0614 2.9845
-1.0563 3.0159
1.0563 3.0159
-1.0523 3.0473
1.0523 3.0473
-1.0495 3.0788
1.0495 3.0788
-1.0478 3.1102
1.0478 3.1102
-1.0472 3.1416
1.0472 3.1416
